2.497916899999999907e+06
1.676240739407134242e+05
nan
9.953017890174036708e+00
1.753377885204248798e+02
3.374871911786630818e+00
1.761152477179470281e+02
1.739678093839907547e+02
7.007961423720097810e+04
3.293185467697052449e+00
3.964600633705489319e+00
1.000000000000000000e+00
3.040082667191422949e+00
1.306088670972251620e-01
5.044179363556958506e+00
1.685595265749792304e+01
2.536592622959176992e+02
1.000000000000000000e+00
1.404319873905248278e+04
2.385451969218954194e+00
3.968505952719228702e+01
1.972703603295756336e+00
1.515808735899498050e+00
1.110531304519937867e+00
1.000000000000000000e+00
-2.414824765684942776e+01
1.301408845543574671e+03
1.000000000000000000e+00
7.476720106788516951e-01
5.762640740411744122e-01
2.430525235547871432e+02
2.176872423501038933e-01
6.968004786573389620e-01
1.848928303634079384e+01
8.248301604968896750e-02
6.398122660220606495e-01
2.704952201726708338e+01
-4.955992832382589280e-02
7.858048010259696126e-01
1.781410467795316208e+02
8.310947422119951966e-02
6.913489611634162646e-01
2.990787745447070733e+01
3.890690983157045202e-01
7.800709193726043100e-01
1.726216339676582834e+01
4.103673064558828187e-01
7.756114562647017374e-01
1.942960848394453421e+01
-2.721027013880891188e-01
2.414830881252665318e-01
2.238746577663929571e+01
1.000000000000000000e+00
3.864064997146944620e+02
1.000000000000000000e+00
