1.469362882352941204e+06
9.860239643571377383e+04
nan
5.854716405984727423e+00
1.031398756002499226e+02
1.985218771639194690e+00
1.035972045399688426e+02
1.023340055199945482e+02
4.122330249247116444e+04
1.937167922174736656e+00
2.332118019826758371e+00
5.882352941176470784e-01
1.788283921877307447e+00
7.682874535130891636e-02
2.967164331504093422e+00
9.915266269116425946e+00
1.492113307623045273e+02
5.882352941176470784e-01
8.260705140619107624e+03
1.403207040717031839e+00
2.334415266305428815e+01
1.160413884291621400e+00
8.916521975879400097e-01
6.532537085411399547e-01
5.882352941176470784e-01
-1.420485156285260508e+01
7.655346150256322062e+02
5.882352941176470784e-01
4.398070651052068958e-01
3.389788670830438111e-01
1.429720726792865548e+02
1.280513190294728931e-01
4.098826345043170560e-01
1.087604884490635015e+01
4.851942120569939509e-02
3.763601564835651336e-01
1.591148353956887185e+01
-2.915289901401522943e-02
4.622381182505703734e-01
1.047888510467833072e+02
4.888792601247030772e-02
4.066758595078918681e-01
1.759286909086512196e+01
2.288641754798261818e-01
4.588652466897672477e-01
1.015421376280342791e+01
2.413925332093428411e-01
4.562420330968833815e-01
1.142918146114384292e+01
-1.600604125812289114e-01
1.420488753678038341e-01
