5.294117647058823595e-01
5.294117647058823595e-01
2.916680000000000000e+05
5.294117647058823595e-01
5.294117647058823595e-01
2.768523529411764466e+05
2.767886470588235534e+05
5.294117647058823595e-01
5.294117647058823595e-01
9.975352941176470267e+03
1.415688235294117658e+04
1.065468235294117621e+05
1.607282352941176396e+04
6.450570588235294417e+04
4.199458823529411893e+04
5.294117647058823595e-01
2.352941176470588314e+00
2.287787058823529514e+05
5.294117647058823595e-01
5.294117647058823595e-01
1.628376470588235316e+04
5.294117647058823595e-01
2.242225294117646990e+05
5.294117647058823595e-01
1.451888823529411748e+05
2.729970588235293981e+05
9.457594117647058738e+04
2.053634705882353010e+05
2.871402941176470486e+05
2.912585882352940971e+05
2.861127647058823495e+05
2.674867058823529514e+05
2.845988823529412039e+05
2.589481176470588252e+05
2.727440000000000000e+05
2.829025882352940971e+05
2.638564117647059029e+05
2.856074705882353010e+05
2.891810588235293981e+05
2.839570588235293981e+05
2.560126470588235243e+05
2.813420588235293981e+05
2.421915882352941262e+05
2.870077058823529514e+05
2.901731176470587961e+05
2.860107058823529514e+05
2.850712352941176505e+05
2.894197058823529514e+05
2.835200588235293981e+05
2.664322941176470486e+05
2.868426470588235534e+05
