9.000000000000000000e+00
9.000000000000000000e+00
4.958356000000000000e+06
9.000000000000000000e+00
9.000000000000000000e+00
4.706490000000000000e+06
4.705368000000000000e+06
9.000000000000000000e+00
9.000000000000000000e+00
9.000000000000000000e+00
7.373000000000000000e+03
9.000000000000000000e+00
9.000000000000000000e+00
1.090357000000000000e+06
9.000000000000000000e+00
9.000000000000000000e+00
9.000000000000000000e+00
9.000000000000000000e+00
9.000000000000000000e+00
9.000000000000000000e+00
9.000000000000000000e+00
9.000000000000000000e+00
9.000000000000000000e+00
9.000000000000000000e+00
9.000000000000000000e+00
4.640950000000000000e+06
1.607791000000000000e+06
9.000000000000000000e+00
4.838426000000000000e+06
4.828797000000000000e+06
4.863917000000000000e+06
2.933684000000000000e+06
2.828087000000000000e+06
4.402118000000000000e+06
3.424068000000000000e+06
3.307366000000000000e+06
4.485559000000000000e+06
4.650978000000000000e+06
4.614693000000000000e+06
4.827270000000000000e+06
2.735983000000000000e+06
2.598336000000000000e+06
4.117257000000000000e+06
4.718199000000000000e+06
4.697380000000000000e+06
4.862182000000000000e+06
4.643008000000000000e+06
4.601934000000000000e+06
4.819841000000000000e+06
3.041702000000000000e+06
2.970853000000000000e+06
4.343626000000000000e+06
9.000000000000000000e+00
4.819966000000000000e+06
9.000000000000000000e+00
