4.131964166666666861e+05 8.333333333333333703e-01 8.333333333333333703e-01 2.081597416666666744e+06 1.192792665762282559e+05
1.665108333333333212e+04 8.333333333333333703e-01 8.333333333333333703e-01 1.396867282839278632e+05 8.015706175747367524e+03
4.131964166666666861e+05 8.333333333333333703e-01 8.333333333333333703e-01 nan nan
2.800000000000000000e+01 8.333333333333333703e-01 8.333333333333333703e-01 8.294181575145030294e+00 6.372005759853514917e+00
1.234166666666666714e+02 8.333333333333333703e-01 8.333333333333333703e-01 1.461148237670207379e+02 5.492820284065818015e+01
3.923965000000000000e+05 8.333333333333333703e-01 8.333333333333333703e-01 2.812393259822192348e+00 5.765837319621852641e-01
3.929601666666666861e+05 8.333333333333333703e-01 8.333333333333333703e-01 1.467627064316225187e+02 8.922929560620600853e+01
1.192500000000000000e+02 8.333333333333333703e-01 8.333333333333333703e-01 1.449731744866589622e+02 5.695332236133852888e+01
6.911050000000000000e+04 8.333333333333333703e-01 8.333333333333333703e-01 5.839967853100081993e+04 3.384142567559489544e+04
1.413600000000000000e+04 8.333333333333333703e-01 8.333333333333333703e-01 2.744321223080877115e+00 7.325862688258347744e-01
2.006316666666666788e+04 8.333333333333333703e-01 8.333333333333333703e-01 3.303833861421241025e+00 5.381812975956830059e-01
1.509422500000000000e+05 8.333333333333333703e-01 8.333333333333333703e-01 8.333333333333333703e-01 0.000000000000000000e+00
2.304983333333333212e+04 8.333333333333333703e-01 8.333333333333333703e-01 2.533402222659518976e+00 1.170009746879625778e+00
9.799900000000000000e+04 8.333333333333333703e-01 8.333333333333333703e-01 1.088407225810209683e-01 1.329239864107423508e-01
5.978566666666666424e+04 8.333333333333333703e-01 8.333333333333333703e-01 4.203482802964132681e+00 4.327331481441115124e-01
3.416666666666666430e+01 8.333333333333333703e-01 8.333333333333333703e-01 1.404662721458160313e+01 8.687923725764038707e+00
3.282925000000000000e+04 8.333333333333333703e-01 8.333333333333333703e-01 2.113827185799314066e+02 1.004990672304161671e+04
3.241040833333333139e+05 8.333333333333333703e-01 8.333333333333333703e-01 8.333333333333333703e-01 0.000000000000000000e+00
4.904166666666666970e+03 8.333333333333333703e-01 8.333333333333333703e-01 1.170266561587706929e+04 6.759788969041078417e+03
2.383333333333333215e+01 8.333333333333333703e-01 8.333333333333333703e-01 1.987876641015795087e+00 1.710548135725150409e+00
2.335425000000000000e+04 8.333333333333333703e-01 8.333333333333333703e-01 3.307088293932690704e+01 4.388832904901204301e+01
8.333333333333333925e+00 8.333333333333333703e-01 8.333333333333333703e-01 1.643919669413130391e+00 7.142461711767174037e-01
3.176552500000000000e+05 8.333333333333333703e-01 8.333333333333333703e-01 1.263173946582915042e+00 6.202735912491778025e-01
7.500000000000000000e+00 8.333333333333333703e-01 8.333333333333333703e-01 9.254427537666148895e-01 3.474350733760921961e-01
2.056851666666666570e+05 8.333333333333333703e-01 8.333333333333333703e-01 8.333333333333333703e-01 0.000000000000000000e+00
4.110426666666666861e+05 8.333333333333333703e-01 8.333333333333333703e-01 -2.012353971404118980e+01 1.309677070770530527e+01
2.655239166666666861e+05 8.333333333333333703e-01 8.333333333333333703e-01 1.084507371286312264e+03 1.686523477822884843e+03
2.909325000000000000e+05 8.333333333333333703e-01 8.333333333333333703e-01 8.333333333333333703e-01 0.000000000000000000e+00
4.067838333333333139e+05 8.333333333333333703e-01 8.333333333333333703e-01 6.230600088990431162e-01 5.531503822544269200e-01
4.126180833333333139e+05 8.333333333333333703e-01 8.333333333333333703e-01 4.802200617009786954e-01 6.797942916037577055e-01
4.056036666666666861e+05 8.333333333333333703e-01 8.333333333333333703e-01 2.025437696289892813e+02 9.612319315768763772e+02
3.789412500000000000e+05 8.333333333333333703e-01 8.333333333333333703e-01 1.814060352917532537e-01 8.133327575677961052e-01
4.031835000000000000e+05 8.333333333333333703e-01 8.333333333333333703e-01 5.806670655477824683e-01 5.976557727383996488e-01
3.670828333333333139e+05 8.333333333333333703e-01 8.333333333333333703e-01 1.540773586361732761e+01 1.179615573122488428e+02
3.863890833333333139e+05 8.333333333333333703e-01 8.333333333333333703e-01 6.873584670807414421e-02 8.304739468783157719e-01
4.007804166666666861e+05 8.333333333333333703e-01 8.333333333333333703e-01 5.331768883517172819e-01 6.401975177883642010e-01
3.740185000000000000e+05 8.333333333333333703e-01 8.333333333333333703e-01 2.254126834772256771e+01 8.123525312069555184e+02
4.046123333333333139e+05 8.333333333333333703e-01 8.333333333333333703e-01 -4.129994026985490951e-02 8.321381462158510267e-01
4.096749166666666861e+05 8.333333333333333703e-01 8.333333333333333703e-01 6.548373341883080290e-01 5.149993784395893170e-01
4.024410000000000000e+05 8.333333333333333703e-01 8.333333333333333703e-01 1.484508723162763602e+02 3.766871887566743681e+03
3.626863333333333139e+05 8.333333333333333703e-01 8.333333333333333703e-01 6.925789518433293768e-02 8.304246275647725328e-01
3.985696666666666861e+05 8.333333333333333703e-01 8.333333333333333703e-01 5.761241343028468131e-01 6.019752844202069797e-01
3.433522500000000000e+05 8.333333333333333703e-01 8.333333333333333703e-01 2.492323121205892278e+01 1.007377489408948009e+03
4.065960000000000000e+05 8.333333333333333703e-01 8.333333333333333703e-01 3.242242485964204612e-01 7.676334802030130300e-01
4.110803333333333139e+05 8.333333333333333703e-01 8.333333333333333703e-01 6.500590994771703324e-01 5.211814785781353487e-01
4.053315833333333139e+05 8.333333333333333703e-01 8.333333333333333703e-01 1.438513616397152362e+01 2.593284857484912820e+01
4.038526666666666861e+05 8.333333333333333703e-01 8.333333333333333703e-01 3.419727553799023489e-01 7.599019121151576739e-01
4.100130000000000000e+05 8.333333333333333703e-01 8.333333333333333703e-01 6.463428802205847257e-01 5.257975942262455016e-01
4.018419166666666861e+05 8.333333333333333703e-01 8.333333333333333703e-01 1.619134040328711066e+01 4.263403367638570529e+01
3.774475000000000000e+05 8.333333333333333703e-01 8.333333333333333703e-01 -2.267522511567409416e-01 8.018726963713920242e-01
4.063621666666666861e+05 8.333333333333333703e-01 8.333333333333333703e-01 2.012359067710554339e-01 8.084616661738542875e-01
