8.419712934792583110e+04
5.658145535821670819e+03
nan
4.497886418720128177e+00
3.877284906399400910e+01
4.070002813850719936e-01
6.298538513379247661e+01
4.020234519623895153e+01
2.388806518277286523e+04
5.171197191711774943e-01
3.798926806557762492e-01
0.000000000000000000e+00
8.258892330915006408e-01
9.382869628993578681e-02
3.054586928076081231e-01
6.132652041715792812e+00
7.094051804499965328e+03
0.000000000000000000e+00
4.771615742852525727e+03
1.207445742864811988e+00
3.097999697577320788e+01
5.041737678894475660e-01
4.378401820582431547e-01
2.452482870890062561e-01
0.000000000000000000e+00
9.244779323086095957e+00
1.190487160816153846e+03
0.000000000000000000e+00
3.904590933560661004e-01
4.798547940732407202e-01
6.785166575836774427e+02
5.741172406360913749e-01
4.218746631094585364e-01
8.326698163217565707e+01
5.862169036788111853e-01
4.519041302035511909e-01
5.734253161460862884e+02
5.873916326229536855e-01
3.635289730161806454e-01
2.658968391223583694e+03
5.861820900457218597e-01
4.249237301789696719e-01
7.110899925239633603e+02
5.418589272021269165e-01
3.678928084080955174e-01
1.830554017048173776e+01
5.364013497283465215e-01
3.711512429832321547e-01
3.009461200686049764e+01
5.660277856739237556e-01
5.706788231815442813e-01
