1.431351198914739070e+05
9.618847410896840302e+03
nan
7.646406911824217723e+00
6.591384340878981618e+01
6.919004783546223170e-01
1.070751547274472131e+02
6.834398683360622329e+01
4.060971081071387016e+04
8.791035225910016626e-01
6.458175571148195848e-01
0.000000000000000000e+00
1.404011696255551112e+00
1.595087836928908431e-01
5.192797777729338815e-01
1.042550847091684751e+01
1.205988806764994115e+04
0.000000000000000000e+00
8.111746762849294100e+03
2.052657762870180314e+00
5.266599485881445020e+01
8.570954054120608623e-01
7.443283094990132964e-01
4.169220880513105909e-01
0.000000000000000000e+00
1.571612484924636455e+01
2.023828173387461675e+03
0.000000000000000000e+00
6.637804587053123262e-01
8.157531499245092022e-01
1.153478317892251653e+03
9.759993090813553485e-01
7.171869272860795785e-01
1.415538687746986284e+02
9.965687362539789040e-01
7.682370213460369968e-01
9.748230374483466676e+02
9.985657754590212543e-01
6.179992541275071138e-01
4.520246265080092599e+03
9.965095530777270394e-01
7.223703413042483756e-01
1.208852987290737701e+03
9.211601762436156804e-01
6.254177742937623297e-01
3.111941828981895242e+01
9.118822945381891421e-01
6.309571130714946019e-01
5.116084041166284635e+01
9.622472356456703846e-01
9.701539994086252339e-01
8.694787563278338212e+02
0.000000000000000000e+00
7.660714289430854933e+02
0.000000000000000000e+00
