4.958356000000000000e+06
1.998130000000000000e+05
4.958356000000000000e+06
3.360000000000000000e+02
1.481000000000000000e+03
4.708757000000000000e+06
4.715484000000000000e+06
1.470000000000000000e+03
8.293620000000000000e+05
1.090000000000000000e+02
1.757910000000000000e+05
3.715840000000000000e+05
1.929066000000000000e+06
2.703459000000000000e+06
2.080443000000000000e+06
2.483727000000000000e+06
2.759065000000000000e+06
2.483348000000000000e+06
4.524450000000000000e+06
4.489634000000000000e+06
4.492436000000000000e+06
4.510436000000000000e+06
4.510431000000000000e+06
4.856304000000000000e+06
4.856256000000000000e+06
4.958348000000000000e+06
4.956851000000000000e+06
4.910959000000000000e+06
4.958061000000000000e+06
4.958163000000000000e+06
4.958356000000000000e+06
4.952449000000000000e+06
4.956847000000000000e+06
4.958356000000000000e+06
4.957603000000000000e+06
4.958066000000000000e+06
4.958356000000000000e+06
4.958329000000000000e+06
4.958340000000000000e+06
4.958356000000000000e+06
4.957504000000000000e+06
4.958075000000000000e+06
4.958356000000000000e+06
4.958348000000000000e+06
4.958351000000000000e+06
4.958356000000000000e+06
4.958348000000000000e+06
4.958352000000000000e+06
4.958356000000000000e+06
4.958239000000000000e+06
4.958257000000000000e+06
