1.325574930000000000e+08
1.325574710000000000e+08
0.000000000000000000e+00
1.325574710000000000e+08
1.325574710000000000e+08
6.609692000000000000e+06
6.640312000000000000e+06
1.325564580000000000e+08
1.325564580000000000e+08
1.325564580000000000e+08
1.273653190000000000e+08
1.215204200000000000e+08
7.943774200000000000e+07
6.025122900000000000e+07
7.531813500000000000e+07
6.481712900000000000e+07
6.481712900000000000e+07
6.481710300000000000e+07
1.230948700000000000e+07
1.230948700000000000e+07
1.230948700000000000e+07
1.179439600000000000e+07
1.179439600000000000e+07
2.783196000000000000e+06
2.783196000000000000e+06
7.321100000000000000e+04
9.199590000000000000e+05
1.282409000000000000e+06
8.749000000000000000e+03
5.794000000000000000e+03
3.800000000000000000e+01
1.557160000000000000e+05
4.233900000000000000e+04
3.120000000000000000e+02
2.356300000000000000e+04
1.019500000000000000e+04
1.500000000000000000e+02
1.802000000000000000e+03
1.084000000000000000e+03
0.000000000000000000e+00
2.805000000000000000e+04
1.067000000000000000e+04
1.550000000000000000e+02
7.070000000000000000e+02
6.640000000000000000e+02
4.000000000000000000e+01
9.300000000000000000e+02
7.310000000000000000e+02
0.000000000000000000e+00
5.268000000000000000e+03
4.722000000000000000e+03
1.570000000000000000e+02
1.155610000000000000e+05
1.503000000000000000e+03
8.165000000000000000e+03
