1.000000000000000000e+00
0.000000000000000000e+00
0.000000000000000000e+00
0.000000000000000000e+00
0.000000000000000000e+00
0.000000000000000000e+00
3.900000000000000000e+01
0.000000000000000000e+00
0.000000000000000000e+00
1.695700000000000000e+05
2.019450000000000000e+05
1.554492000000000000e+06
1.497020000000000000e+05
1.836000000000000000e+03
4.057330000000000000e+05
0.000000000000000000e+00
1.000000000000000000e+00
2.006050000000000000e+06
0.000000000000000000e+00
0.000000000000000000e+00
2.096800000000000000e+04
0.000000000000000000e+00
3.458900000000000000e+05
0.000000000000000000e+00
5.470300000000000000e+04
0.000000000000000000e+00
0.000000000000000000e+00
3.598400000000000000e+04
1.250000000000000000e+02
1.990000000000000000e+02
0.000000000000000000e+00
4.578000000000000000e+03
1.354000000000000000e+03
0.000000000000000000e+00
5.490000000000000000e+02
2.300000000000000000e+02
0.000000000000000000e+00
2.500000000000000000e+01
2.500000000000000000e+01
0.000000000000000000e+00
6.620000000000000000e+02
2.160000000000000000e+02
0.000000000000000000e+00
1.200000000000000000e+01
6.000000000000000000e+00
0.000000000000000000e+00
1.400000000000000000e+01
9.000000000000000000e+00
0.000000000000000000e+00
9.100000000000000000e+01
5.100000000000000000e+01
