-2.259282350000000000e+08
-2.259282360000000000e+08
4.958356000000000000e+06
-2.259282360000000000e+08
-2.259282360000000000e+08
-6.704513000000000000e+06
-6.756810000000000000e+06
-2.259282750000000000e+08
-2.259282750000000000e+08
-2.259282750000000000e+08
-2.257441120000000000e+08
-2.263311410000000000e+08
-2.281424280000000000e+08
-1.768010140000000000e+08
-2.284218970000000000e+08
-2.291357960000000000e+08
-2.291357960000000000e+08
-2.291358270000000000e+08
-2.330250560000000000e+08
-2.330250560000000000e+08
-2.330250560000000000e+08
-2.333018710000000000e+08
-2.333018710000000000e+08
-2.371136450000000000e+08
-2.371136450000000000e+08
-1.059685100000000000e+07
-1.596315020000000000e+08
-2.395818470000000000e+08
-6.787950000000000000e+05
-1.205880000000000000e+06
3.853580000000000000e+05
-9.161054000000000000e+07
-9.859510300000000000e+07
-2.287101800000000000e+07
-6.947141300000000000e+07
-7.664566000000000000e+07
-1.892609700000000000e+07
-1.027288700000000000e+07
-1.233939500000000000e+07
-1.788127000000000000e+06
-1.061900420000000000e+08
-1.150087040000000000e+08
-3.873370800000000000e+07
-7.072516000000000000e+06
-8.326349000000000000e+06
-4.065800000000000000e+04
-1.125256300000000000e+07
-1.362482800000000000e+07
-2.386340000000000000e+06
-9.336955800000000000e+07
-9.861708100000000000e+07
-2.766905500000000000e+07
-2.581942800000000000e+08
-2.653070000000000000e+06
-2.629307720000000000e+08
